0.46621736904965033 -1.0 0.31231871694250135 -0.60825797645453 0.20738781777853615 -0.2235113461866575 0.046493772393789524 0.14724449752601956 -0.2682989250981061 0.378092475686743 -0.1213956662685548 0.021327418529261306 0.277341750554513 0.02832281180685899 0.6690837740999831 0.08428595802764043 0.7110561337655691 0.08428595802764043 0.31231871694250135 -0.60825797645453 1.0 0.0 0.0 0.0 0.0
0.17499322432017342 -1.0 0.1987231607793537 -0.596591080193935 0.17499322432017342 -0.19318216038787 0.07414099436865716 0.2042942753033999 -0.27587556840425215 0.40006625109163735 -0.15129340199355562 0.014454783629957562 0.25211551781250935 0.038184720089137855 0.625862017044599 0.17463185472942455 0.6495919535037793 0.17463185472942455 0.1987231607793537 -0.5787936278495498 1.0 0.0 0.0 0.0 0.0
0.301892774484005 -1.0 0.250214007165277 -0.6537522589645223 0.21403887004216735 -0.31267239466091745 0.16236010272343934 0.03357534637456023 -0.04952284328334552 0.3126406898956915 -0.39060270758695037 0.2971370597000731 -0.30274880314511277 -0.03877492787165899 0.04349893789036491 -0.05944643479915019 0.3432357883389874 0.11626137408452505 0.4465933229764434 0.16277226467138026 1.0 0.0 0.0 0.0 0.0
0.32731092436974796 -1.0 0.24033613445378157 -0.5989495798319328 0.19201680672268914 -0.20756302521008405 0.02773109243697486 0.11134453781512604 -0.3249999999999999 0.2514705882352941 -0.20420168067226882 -0.08676470588235295 0.1533613445378152 -0.08193277310924371 0.4529411764705883 0.11134453781512604 0.5254201680672269 0.19831932773109243 0.24033613445378157 -0.5989495798319328 1.0 0.0 0.0 0.0 0.0
0.4095849488336618 -1.0 0.3746901417402912 -0.4882094959638976 0.24674251573126557 0.011949405707747923 -0.12546875993135434 0.38416068137036785 -0.6256276616029999 0.33763427191254036 -0.4511536261361468 -0.12762982266573455 0.049005275535498743 -0.18578783448801892 0.4910061653848599 0.058475815165575415 0.8981122481408504 0.1980550435390579 0.3746901417402912 -0.4882094959638976 1.0 0.0 0.0 0.0 0.0
0.404116538628787 -1.0 0.2628400251244144 -0.6094119920761464 0.23790887568246627 -0.1772720684157125 0.07170121273614556 0.18007440691887702 -0.27733487945112795 0.396144368749094 -0.42692177610281656 0.030487510267188395 -0.07788568391554308 -0.16065130212108042 0.3459438565975747 -0.052616321205971955 0.661738416195584 -0.0027540223220757455 0.2628400251244144 -0.6094119920761464 1.0 0.0 0.0 0.0 0.0
0.20596507676081088 -0.9885737724129848 0.1374077112387202 -0.5772295792804407 0.217391304347826 -0.17731161373491175 0.09170280089065973 0.21118012422360216 -0.20537911637173326 0.49683581389898 -0.5138872612211414 0.2340325793976324 -0.20537911637173326 -0.028770655103715244 0.18311262158678066 0.09691784835345102 0.49162076643618874 0.14262275870151148 0.1488339388257353 -0.600082034454471 1.0 0.0 0.0 0.0 0.0
0.49472463768115943 -1.0 0.3314782608695652 -0.5622028985507246 0.1904927536231884 -0.10214492753623189 -0.01727536231884058 0.3133913043478261 -0.43281159420289855 0.5582608695652174 -0.6554202898550725 0.15014492753623188 -0.19536231884057972 0.03142028985507246 0.2721159420289855 0.14272463768115942 0.7247536231884057 0.32081159420289856 0.7841159420289855 0.3356521739130435 1.0 0.0 0.0 0.0 0.0
0.34694658313806126 -1.0 0.2995074362775572 -0.6501362919037826 0.21055903591411215 -0.28841279709243933 0.10975084883554106 0.055521017646214976 -0.062216058533786096 0.3698053655970543 -0.42393955334512945 0.33422600545167624 -0.33499115298168436 -0.0037779159294150755 0.05045191525991101 -0.06900674286260813 0.3825259432834393 0.04959112428865198 0.3884558366410023 0.06738080436134099 1.0 0.0 0.0 0.0 0.0
0.1555592487950806 -1.0 0.1256440086421805 -0.6649493102875187 0.11367791258102045 -0.34784776466677747 0.1555592487950806 -0.018780122984876167 0.05384743227522021 0.26840618248296494 -0.251288017284361 0.24447399036064485 -0.20940668107030083 -0.06066145919893633 0.10769486455044042 -0.09057669935183645 0.3888981219877015 -0.06066145919893633 0.1256440086421805 -0.6649493102875187 1.0 0.0 0.0 0.0 0.0
0.3691722169362513 -1.0 0.29067554709800203 -0.6360608943862988 0.16936251189343493 -0.2649857278782112 0.07659372026641305 0.09895337773549007 -0.2088487155090389 0.34871550903901055 -0.40152235965746896 0.027592768791627077 -0.07326355851569923 -0.1793529971455756 0.2978116079923883 -0.13653663177925782 0.6617507136060896 -0.058039961941008515 0.6974310180780211 -0.029495718363463316 1.0 0.0 0.0 0.0 0.0
0.3205883809618146 -1.0 0.24084988361151 -0.6468723688772225 0.0813728889109008 -0.06022485265712444 -0.038234857114556084 0.25303352979050076 -0.32871081174780853 0.4125105244911099 -0.1806250309543857 -0.0032687831211925867 0.14972017235401902 -0.05452924570353125 0.4345005200336783 0.025209251646773338 0.24084988361151 -0.6468723688772225 0.0813728889109008 -0.06022485265712444 1.0 0.0 0.0 0.0 0.0
0.5176470588235295 -1.0 0.35610859728506794 -0.5811965811965812 0.320211161387632 -0.15042735042735042 0.10482654600301662 0.21452991452991457 -0.36782302664655603 0.423931623931624 -0.35585721468074405 -0.018803418803418778 0.08089492207139269 -0.09658119658119656 0.48773252890899954 0.058974358974359 0.697134238310709 0.029059829059829085 0.34414278531925596 -0.5393162393162393 1.0 0.0 0.0 0.0 0.0
-0.09929109242217432 -0.7064858438642068 -0.023997181982299366 -0.39025142001673196 -0.023997181982299366 -0.05895821408128216 -0.031526573026286864 0.2648056008101801 -0.10682048346616181 -0.043899431993307175 0.209413940381313 -0.06648760512526966 0.7967064418123376 0.08410021575448025 1.0 0.07657082471049276 -0.023997181982299366 -0.39025142001673196 -0.023997181982299366 -0.05895821408128216 1.0 0.0 0.0 0.0 0.0
0.47405908539053027 -1.0 0.3822743828409552 -0.6263051396195872 0.2904896802913801 -0.2394981788749494 0.13314447592068002 0.10797248077701338 -0.16187778227438274 0.3571023876972886 -0.4962363415621205 0.17353298259813843 -0.2929987859166328 -0.14771347632537432 0.10036422501011748 -0.06904087414002426 0.48717118575475526 -0.055928773775799245 0.6051800890327804 -0.029704573047349227 1.0 0.0 0.0 0.0 0.0
0.25795384929548704 -0.9939963242801715 0.2519501735756586 -0.6337757810904636 0.1979170920972024 -0.2675515621809272 0.08384725342046155 0.10467633244843773 -0.12628139677353475 0.404860118439861 -0.37843577700633035 0.13469471104758005 -0.12628139677353475 -0.12946702062487245 0.23994282213600165 -0.1354706963447009 0.438064120890341 -0.0033898305084746586 0.2519501735756586 -0.6337757810904636 1.0 0.0 0.0 0.0 0.0
0.3652641002685765 -1.0 0.2693822739480751 -0.6697403760071621 0.18415398388540724 -0.33415398388540735 0.0989256938227394 -0.0038943598925693873 -0.06620411817367959 0.2944046553267681 -0.3911369740376008 0.379632945389436 -0.3059086839749329 0.054700089525514764 -0.012936436884512173 -0.11575649059982096 0.32797672336615924 -0.07846911369740377 0.4611459265890778 -0.019874664279319613 1.0 0.0 0.0 0.0 0.0
0.44407777026758366 -1.0 0.35668561886207295 -0.644189097848992 0.29426265357242243 -0.26340900958212393 0.13196294381933107 0.07367500298198881 -0.14269810345513118 0.3296091606695559 -0.24257484791857198 -0.007474851894556847 0.12572064729036603 -0.0761401137131724 0.48153154944137394 -0.06365552065524231 0.5189853286151642 -0.05741322412627726 0.35668561886207295 -0.644189097848992 1.0 0.0 0.0 0.0 0.0
0.30632823365785805 -1.0 0.2281939201271607 -0.6574110868269422 0.18011126564673152 -0.32083250546393804 0.12000794754619507 -0.0022849195310948546 0.07793562487581955 0.3102523345916947 -0.2045499701967018 0.14797337572024627 -0.03626067951519971 -0.11648122392211412 0.2822869064176435 -0.06839856944168496 0.42052453804887735 -0.056377905821577666 0.2281939201271607 -0.6574110868269422 1.0 0.0 0.0 0.0 0.0
0.2444286391654812 -1.0 0.2200433516222989 -0.6878683194472669 0.16151866151866145 -0.3952448689290795 0.09811691390638752 -0.08799024588498282 0.024961051276840687 0.19000203210729516 -0.23840005418952792 0.10221499695183896 0.0005757637336584088 -0.06360495834180054 0.2980762717604822 0.004673846779109844 0.3761091918986655 0.024182076813655667 0.2200433516222989 -0.6878683194472669 1.0 0.0 0.0 0.0 0.0
-0.38169670994579596 1.0 -0.5425438043615277 0.5247699483171562 -0.6375898146980965 0.04953989663431241 -0.37438547838144454 -0.3598890709693684 0.09353334173704785 -0.4622463128702886 0.43716122526156564 -0.11130719778141934 0.2178242783310224 0.3127442329509644 0.1885793520736166 0.32736669607966723 -0.5425438043615277 0.5247699483171562 -0.6375898146980965 0.04953989663431241 0.0 1.0 0.0 0.0 0.0
-0.4407891229005597 1.0 -0.6788056518261796 0.3553719008264463 -0.708557717941882 -0.32892561983471064 -0.2027725939749399 -0.7950413223140494 0.48152492668621705 -0.8644628099173552 0.8087976539589443 -0.249586776859504 0.17408691015729144 0.018181818181818275 0.08483071181018402 0.47438016528925625 -0.6887230071980803 0.3355371900826447 -0.6986403625699812 -0.3685950413223139 0.0 1.0 0.0 0.0 0.0
-0.2939645586391273 1.0 -0.427401992097854 0.560768448198358 -0.5052404949487779 0.11041711027515552 -0.2772848794567865 -0.31769465540492586 -0.021529798660893693 -0.6957673835379847 0.3231835711074835 -0.3899732651950695 0.41770175314074826 0.060378072728133024 0.08410816949393159 0.37173208413182857 0.05074881112924992 0.3661721910710483 -0.427401992097854 0.5385288759552369 0.0 1.0 0.0 0.0 0.0
-0.5539547615617345 1.0 -0.5238438265379628 0.4053090332805071 -0.6969817029246506 -0.17432646592709988 -0.39587235268693266 -0.6711568938193344 0.21387408154444615 -0.6937400950871633 0.5149834317821641 -0.20443740095087168 0.8311482495317679 0.2848652931854199 0.6805935744129089 0.7892234548335975 -0.5238438265379628 0.4053090332805071 -0.6969817029246506 -0.17432646592709988 0.0 1.0 0.0 0.0 0.0
-0.21288112786323737 1.0 -0.23930395424936537 0.6366861371907397 -0.2723324872320254 0.2733722743814796 -0.29875531361815344 -0.0767301752347166 -0.18645830147710934 -0.4136212116578488 0.15703844154255484 -0.33435273249946473 0.2627297470870669 0.009144010520199442 0.11079849536683081 0.3262179271537356 0.011712896418850757 0.35924646013639566 -0.23930395424936537 0.6366861371907397 0.0 1.0 0.0 0.0 0.0
-0.09989248963292889 1.0 -0.19450161265550608 0.6418368914145293 -0.2688373521732453 0.2836737828290585 -0.31614191368453387 -0.08800491475963759 -0.2080172016587314 -0.4258946398402704 0.15690370142835203 -0.37183228382736916 0.2717862079557672 -0.033942558746736344 0.08932575641222547 0.2498848103209952 -0.19450161265550608 0.6418368914145293 -0.2688373521732453 0.2836737828290585 0.0 1.0 0.0 0.0 0.0
-0.10137285207746143 1.0 -0.14255841440130906 0.6430584598599873 -0.23179379943631223 0.2861169197199746 -0.3073006636966995 -0.08455314119465399 -0.16315119556323285 -0.39344485862351114 0.18006182380216398 -0.31793799436312387 0.19379034457677985 0.025275025002272994 -0.012137467042458255 0.31357396126920634 -0.03959450859169 0.32730248204382223 -0.14255841440130906 0.6430584598599873 0.0 1.0 0.0 0.0 0.0
-0.25271306063595655 1.0 -0.30025802534719587 0.5856795932306291 -0.2866737497154132 0.1509827730135843 -0.2323366471882826 -0.26333763375578656 0.12764665705395767 -0.44672535478485237 0.2159444486605449 -0.03919708583137282 0.20915231084465358 0.37512332093799805 -0.05574106397510812 0.4430446990969113 -0.30025802534719587 0.5856795932306291 -0.2866737497154132 0.1509827730135843 0.0 1.0 0.0 0.0 0.0
-0.14458753028178004 1.0 -0.22414892260614572 0.5889328063241106 -0.27055973479535905 0.19112584470228222 -0.2970801989034809 -0.2265714650006376 -0.011985209741170559 -0.4785158740277956 -0.03850567384929245 -0.09396914446002813 0.28637001147520075 0.13145480045900798 0.007905138339920863 0.3767690934591355 -0.22414892260614572 0.5889328063241106 -0.27055973479535905 0.19112584470228222 0.0 1.0 0.0 0.0 0.0
-0.13415671188499684 1.0 -0.20097185665114384 0.6477019639603159 -0.24956468920834166 0.28325571978133224 -0.20704596072079356 -0.08726462846730113 -0.07948977525814929 -0.4274144563676858 0.15132617938854034 -0.13585746102449894 0.18169669973678895 0.22251467908483494 -0.08556387932779902 0.3804413848957279 -0.20097185665114384 0.6112573395424175 -0.2556387932779914 0.2528851994330836 0.0 1.0 0.0 0.0 0.0
-0.03440630995523342 1.0 -0.17757407802174377 0.5953954380729055 -0.2833937326795992 0.16589213387337454 -0.3207418460882541 -0.2885099125985931 0.046514602430185466 -0.48769985077808575 -0.06552973779577914 -0.10176934555531872 0.283052654018333 0.10364527819228307 0.03406523129396718 0.4522276700063952 -0.028181624387124276 0.4958004689831592 -0.17757407802174377 0.5953954380729055 0.0 1.0 0.0 0.0 0.0
-0.08881256133464167 1.0 -0.18384036637226026 0.5452240758913968 -0.27886817140987885 0.09044815178279363 -0.23814196925089945 -0.34396467124631985 0.17590775269872436 -0.45935557736342814 -0.10917566241413137 -0.12675825973176313 0.25736015701668313 0.1379620543016029 0.06051684658161609 0.5452240758913968 -0.048086359175662285 0.5859502780503762 -0.18384036637226026 0.5452240758913968 0.0 1.0 0.0 0.0 0.0
0.04300037900975095 1.0 -0.07276987217034758 0.669227853771147 -0.12238569410467554 0.3329428384384799 -0.19405299245426033 -0.014367915101815738 -0.2216173379733314 -0.37270440684973977 0.059538986321193595 -0.17975398821624222 0.28005375047376224 0.07935085966302594 0.0264617716983083 0.3164042311270372 -0.0011025738207627806 0.3164042311270372 -0.07276987217034758 0.669227853771147 0.0 1.0 0.0 0.0 0.0
-0.26556607130150145 1.0 -0.32078559738134205 0.5513413506012951 -0.32768803814132214 0.13029246424251043 -0.24485874902156118 -0.2907564221162742 0.05884864441756215 -0.5806589340354374 -0.13441969686188 -0.2148295737564934 0.2521169856970043 -0.06297587703693172 0.0726535259375223 0.31665836476197246 -0.07920017078203936 0.30285348324201233 -0.32078559738134205 0.5513413506012951 0.0 1.0 0.0 0.0 0.0
-0.06015493913105578 1.0 -0.16211488343864922 0.6281460854664239 -0.28806540287744115 0.2742851022812467 -0.3240512655742388 -0.11556174360072825 -0.20409838991824653 -0.4694227267859055 0.14976259326693073 -0.31348398843311553 0.269715468922923 0.04037699475206171 0.023812073828138814 0.25029452715004824 -0.16211488343864922 0.6281460854664239 -0.28806540287744115 0.2742851022812467 0.0 1.0 0.0 0.0 0.0
-0.17717705323978525 1.0 -0.2920759389186957 0.5906727197688816 -0.3782501031778785 0.16698307882789937 -0.2992571192736276 -0.24234420140321905 0.009533635988444204 -0.5295914156004952 0.13879488237721843 -0.12026413536937672 0.3757738340899712 0.21725134131242269 0.009533635988444204 0.39678085018572024 -0.2920759389186957 0.5906727197688816 -0.3782501031778785 0.16698307882789937 0.0 1.0 0.0 0.0 0.0
-0.10345967386513877 1.0 -0.27357866901718814 0.5888790950492141 -0.37990304098721894 0.19193477302776557 -0.3302850007345379 -0.2262744233876891 0.01704128103422953 -0.43183487586308206 0.27930806522697227 -0.10577346848832081 0.2155134420449538 0.30534743646246515 0.052482738357573146 0.4187600998971647 -0.27357866901718814 0.5888790950492141 -0.37990304098721894 0.19193477302776557 0.0 1.0 0.0 0.0 0.0
-0.1500158022263581 1.0 -0.2375250201917337 0.5874565438775152 -0.3125329213049127 0.18116374618112863 -0.293780946026618 -0.25013168521965096 0.09375987639147382 -0.38764617059381257 0.3062822628788145 -0.02510798188011377 0.1375144853741616 0.37493415739017455 -0.05625592583488429 0.5061979843382379 -0.2500263370439302 0.5499525933209256 -0.32503423815710925 0.11240650349404784 0.0 1.0 0.0 0.0 0.0
-0.04984937190928218 1.0 -0.2515773318933668 0.5677258000341044 -0.4052748252145741 0.1450576934007843 -0.4340931052123005 -0.2968225998976867 -0.05945546524185764 -0.5465810265446486 0.3247882680611606 -0.3160347865628376 0.1999090547376797 0.11623941340305795 0.007787188086170559 0.17387597339851069 -0.2515773318933668 0.5677258000341044 -0.4052748252145741 0.1450576934007843 0.0 1.0 0.0 0.0 0.0
-0.32721933123808544 1.0 -0.46210520892369517 0.5278994281003659 -0.5006440311195837 0.03652944510278754 -0.34648874233602966 -0.38739759905198595 0.12561182956360445 -0.4452058323458187 0.4242877015817403 -0.08872172703385008 0.18342006285743717 0.2966664949250349 0.07743830181874381 0.3352053171209234 -0.46210520892369517 0.5278994281003659 -0.5006440311195837 0.03652944510278754 0.0 1.0 0.0 0.0 0.0
0.10725439701934139 -0.9108541997698759 -0.5091501835515863 -0.4999178127225907 0.09698098734315927 -0.058161196646759214 0.4360035066571695 0.6096104323050792 -0.20094789326612245 0.9897265903238178 -0.27286176099939735 0.26031450331488676 0.2099884937811627 -0.31499643855131243 0.8674867130568189 -0.674565777217687 0.9702208098186402 -0.7670264643033261 -0.5091501835515863 -0.4999178127225907 0.0 0.0 1.0 0.0 0.0
-0.08396004473755263 -0.7146824019437693 -0.47452659184696677 -0.23838173473716673 0.05893015542442814 0.09502873230745508 0.39234062246904994 0.6284854795788499 -0.16016815149060903 0.9714219599676038 -0.3030583516525898 0.3712831192872846 0.0875081954568243 -0.10501754791931801 0.3256585290601256 -0.6765783485672411 0.7257510895136717 -0.667052335223109 -0.4650005785028347 -0.2098036947047706 0.0 0.0 1.0 0.0 0.0
-0.04695546803998788 -0.8630717964253256 0.040290820963344444 -0.16510148439866706 0.3117237200848228 0.5231747955165101 -0.3280823992729476 0.8430778551953954 -0.12450772493183884 0.15480157528021812 0.18570130263556497 -0.504392608300515 0.8642835504392609 -0.7758255074219933 1.0 -0.8824598606482884 0.05967888518630718 -0.14571342017570432 0.3117237200848228 0.5231747955165101 0.0 0.0 1.0 0.0 0.0
-0.22839108592039153 -0.8364893297264805 -0.08772381811155475 -0.13315299068229644 0.42024131564257816 0.38262699128343847 0.006054360427669791 0.9765554553651938 -0.4159474429988406 0.4373309287646528 0.045128601485680014 -0.09407874962428622 0.4827601013353945 -0.6176735798016232 0.928206449396711 -0.6723775172828375 -0.08772381811155475 -0.13315299068229644 0.42024131564257816 0.38262699128343847 0.0 0.0 1.0 0.0 0.0
-0.5622966411373079 -0.7018571357060618 -0.18941783050508088 -0.13775842218551324 0.3459978975822195 0.2351203884467138 0.26950993642689086 0.885268058267007 -0.11292986934975224 0.34985233017970674 0.1547779946938979 -0.2811733493517544 0.651949742203534 -0.6827351454172297 0.7188767082144465 -0.7496621114281422 -0.18941783050508088 -0.13775842218551324 0.3459978975822195 0.2351203884467138 0.0 0.0 1.0 0.0 0.0
-0.31496327857823625 -0.8131972865392163 -0.7374558501990245 -0.2674777148623648 0.010708078712788045 0.0317878567023602 0.6180411504176712 0.3310534282670852 0.204350507372316 0.8591691427930706 -0.385378707181701 0.5334977855020463 -0.0333015641643774 -0.06503335762740378 0.40679486460727704 -0.5931490721533891 0.5916353646913719 -0.6107529293042553 -0.6934462073218591 -0.21466614340976628 0.0 0.0 1.0 0.0 0.0
-0.26690190543401565 -0.7882851093860267 -0.08807339449541296 -0.14109621265584563 0.45692778169842374 0.2591390261115032 0.3121618442719359 0.914843566219713 -0.3946365561044461 1.0 -0.29244883556810175 0.3357798165137615 0.10778640319924711 -0.22625264643613263 0.6868501529051986 -0.5668783815572805 0.9167725241119735 -0.6435191719595389 -0.08807339449541296 -0.14109621265584563 0.0 0.0 1.0 0.0 0.0
-0.08349173855826877 -0.6865038748355021 -0.6225569040308037 -0.32456012087537156 -0.037286152946337206 -0.07813033094506987 0.3785641175610469 0.4609348345274651 -0.08349173855826877 0.9152897597114588 -0.07579080762294685 0.26071063020909496 0.17063898230735483 -0.32456012087537156 0.786713457133109 -0.44007408490520045 -0.6225569040308037 -0.32456012087537156 -0.037286152946337206 -0.07813033094506987 0.0 0.0 1.0 0.0 0.0
-0.28862865182487796 -0.6945295042621866 0.01800049656542246 -0.19423984109906486 0.23586857568484645 0.36253413887279645 0.219730199453778 0.9354464950757262 -0.32090540428701486 0.6772324753786311 -0.12724488951419355 0.1204584954067698 0.1793842588761069 -0.3879003558718862 0.7119506745013655 -0.5815608706447075 0.7684349913101051 -0.5734916825291733 0.01800049656542246 -0.19423984109906486 0.0 0.0 1.0 0.0 0.0
-0.27218744245995186 -0.8614435647210459 -0.8066194071073465 -0.4160835941815504 -0.1831154483520528 0.019379488123734044 0.3513165162953418 0.4647394586632295 -0.22270300128889683 0.890305652734303 -0.410743877738906 0.21731725280795425 0.04451298103480045 -0.3171147118394403 0.559151169213773 -0.8119591235499908 0.7867795986006262 -1.0 -0.3018781071625849 -0.14886761185785313 0.0 0.0 1.0 0.0 0.0
-0.24152267612617764 -0.7774726322615095 -0.7392150131594003 -0.32421711103482465 -0.1259869550291795 -0.030934126711675558 0.2828317503909677 0.5200823892893924 -0.23263531296487008 0.9466758210321548 -0.2681847656101003 0.2712362207727811 0.20284548193919977 -0.21756875309913407 0.7538619979402678 -0.5997253690353587 0.9760460769729564 -0.6974863638097416 -0.7392150131594003 -0.32421711103482465 0.0 0.0 1.0 0.0 0.0
-0.08623588758107129 -0.7924573624789816 -0.7756425654576027 -0.5856353591160222 -0.3127552245976459 -0.004564016334374297 0.3766514532788855 0.3204419889502762 -0.08623588758107129 0.9212106653855393 -0.21426855632956998 0.2022579870285851 0.17967811674273368 -0.39851068940667794 0.8395387941388422 -0.7235166946913284 0.8592361277924575 -0.7432140283449437 -0.7854912322844103 -0.565938025462407 0.0 0.0 1.0 0.0 0.0
-0.19337358161187088 -0.783895839394821 -0.2171588594704685 -0.22097759674134412 0.12376345650276395 0.19922897876054704 0.08412132673843459 0.7462903695082921 -0.248872563281932 0.3181553680535351 0.12376345650276395 -0.08619435554262432 0.33783095723014245 -0.5856851905731741 0.6708248472505091 -0.6808263020075647 -0.2171588594704685 -0.22097759674134412 0.12376345650276395 0.19922897876054704 0.0 0.0 1.0 0.0 0.0
-0.2586079571679127 -0.9299363057324842 -0.354149358441798 -0.3089171974522294 0.0757869472906861 0.14012738853503176 0.15222006830979437 0.751592356687898 -0.43058247946090633 0.8949044585987261 -0.22039139665835852 0.2834394904458598 0.19999076894673706 -0.15605095541401284 0.4579525523862275 -0.7006369426751594 0.715914335825718 -0.7579617834394906 -0.354149358441798 -0.3089171974522294 0.0 0.0 1.0 0.0 0.0
-0.3272289398424565 -0.8071346144197483 -0.3446891776629371 -0.28332747980532846 0.08308664893883903 0.04841703878380405 0.29260950278460696 0.5547639355777432 0.004515578746676067 1.0 -0.23992775074005318 0.5198434599367818 -0.09151572926596756 -0.012693793587878255 0.23149867041292463 -0.4404696201896544 0.6243540213737395 -0.693643068586624 -0.3097687020219758 -0.2658672419848478 0.0 0.0 1.0 0.0 0.0
-0.24997899689153993 -0.8434008233218518 -0.4238847349407712 -0.30429303536923474 0.08913719230446111 -0.01734856758800311 0.3586910862807696 0.5043686465596908 -0.015206250525077672 0.9652188523901537 -0.23258842308661679 0.4348063513399983 0.08044190540199954 -0.05212971519784937 0.43694866840292373 -0.5042846341258508 0.7934554314038479 -0.5651516424430817 -0.36301772662354026 -0.26081660085692693 0.0 0.0 1.0 0.0 0.0
0.20906801007556675 -0.798328735356443 0.3613210187517492 -0.08184398864499598 0.13741953540442206 0.6167286393986648 -0.5611530926392387 0.8764543600815643 -0.27455919395465994 0.19579385070568972 0.3434089000839631 -0.24305305665507154 0.7732997481108312 -0.8341529726920153 0.9703330534564791 -0.7714605573547637 0.3792331374195354 -0.06393186997720982 -0.04170165127343969 0.6794210547359164 0.0 0.0 1.0 0.0 0.0
-0.0485093481556342 -0.6195408936692414 -0.6485598787266297 -0.41110228831300083 0.008337544214249579 -0.1268678264635819 0.40626579080343606 0.3784378834909406 -0.09272359777665493 0.7700498087056955 -0.307478524507327 0.16999927813470006 0.18519454269833246 -0.24056161120334948 0.7094492167761496 -0.5942756081715153 1.0 -0.5247960730527684 -0.6801414855987873 -0.3984696455641378 0.0 0.0 1.0 0.0 0.0
-0.21649299317283519 -0.6194154988621392 -0.7096658282429035 -0.31255240148520785 -0.15073661516349274 0.005270092226613953 0.11228889687387703 0.5422805126362439 -0.35896514552641046 0.8820217990178465 -0.20553359683794478 0.29021439693376455 0.16708587854832907 -0.15912085279674215 0.6054617319439454 -0.5426997245179064 1.0 -0.5755779135225776 -0.6658282429033419 -0.2248772308060846 0.0 0.0 1.0 0.0 0.0
-0.22319601388023846 -0.7223062550048936 -0.651837352077587 -0.2727555832369428 -0.08728534567132308 0.01997508675149033 0.14271732360530295 0.5949817599430555 0.02771598896698994 -0.021843580389714404 0.4668119939496396 -0.4713942521576653 1.0 -0.6909422546489902 -0.35910668208915386 -0.11593558145742505 0.22635465788771242 0.11406708781920098 0.06953465610819468 0.741347094937272 0.0 0.0 1.0 0.0 0.0
0.05692019335109002 0.02545131695767983 -0.2507152017362139 0.22121929564960052 -0.06426950774390851 0.5288546907369045 0.27133274144224123 0.3703758508434449 0.14082075564762747 0.016129032258064557 -0.07359179244352378 -0.2728617934300088 -0.06426950774390851 -0.6737200355134655 0.17810989444608855 -0.9533885765019237 0.37387787313800924 -1.0 -0.2600374864358292 0.2305415803492158 0.0 0.0 0.0 1.0 0.0
-0.0004614142346291022 -0.08493867035798054 -0.2511631483831276 0.10935517360710578 -0.18848771484600296 0.4164647979390164 0.10608682277848275 0.5167454915984158 0.2126350597915946 0.2221709539739301 0.03714384588764567 -0.05360095358941823 -0.07567193447917865 -0.3669781212750413 -0.08820702118660358 -0.6803552889606644 0.030876302533933208 -0.9874649132925751 0.13742453954704506 -0.9937324566462875 0.0 0.0 0.0 1.0 0.0
0.2885553702674324 -0.10505836575875487 -0.1238959916002719 0.011673151750972763 -0.4974368476314003 0.2140077821011673 -0.19393490210610848 0.5330739299610895 0.22629856092891099 0.642023346303502 0.2496448644308565 0.2140077821011673 0.10956704341918336 -0.19066147859922178 0.03952813291334678 -0.6264591439688716 0.23408066209622616 -1.0 0.24186276326354134 -1.0 0.0 0.0 0.0 1.0 0.0
-0.03420401151922408 -0.046380033345121995 -0.27070176324963385 0.15197291971909263 -0.17915424645076553 0.46476026878189264 0.1260041428787954 0.4876471479816097 0.2099226999444247 0.18248875865204872 0.10311726367907835 -0.12266963067751224 0.05734350527964421 -0.4354569797403122 -0.057090890718941155 -0.7329864093366342 0.1183751831455564 -0.9923710402667609 0.13363310261203445 -1.0 0.0 0.0 0.0 1.0 0.0
0.03958235935795531 -0.18186068256194485 -0.3110487766869255 0.0596852111578619 -0.3889668069191212 0.496026180458158 -0.10846189808321657 0.8310737104565996 0.17983481377590763 0.5194015895278167 0.2655446470313229 0.11422783232039892 0.10970858656693146 -0.2753623188405797 -0.08508648901355786 -0.6337852579086801 0.17204301075268805 -0.9610409848839021 0.20321022284556634 -1.0 0.0 0.0 0.0 1.0 0.0
-0.012086227112834616 -0.16027780283214574 -0.3568142870027958 0.007666636601425108 -0.4540452782538105 0.38775142058266443 -0.16235230450076643 0.6617660322900695 0.10282312618381913 0.3789122395598449 0.1912149364120143 -0.0011725444213944104 0.06746640209254105 -0.3812573284026337 0.16469739334355576 -0.7525029313610535 0.46522954811941936 -1.0 -0.3744926490484349 0.016505817624244627 0.0 0.0 0.0 1.0 0.0
-0.06149087534797403 -0.11735230436127432 -0.34556139808227654 0.1261367151252707 -0.3151252706464584 0.48122486854314883 -0.0006186204763377809 0.6536962573461182 0.2124342715743891 0.35948035879987633 0.1718527683266316 -0.005753170429941189 0.01967213114754097 -0.3405505722239406 0.0501082585833591 -0.6956387256418187 0.3138880296937829 -0.9594184967522424 0.3341787813176616 -1.0 0.0 0.0 0.0 1.0 0.0
0.0785811148383414 -0.18635357933052596 -0.3753479409035757 -0.08357718935122398 -0.4010420383984012 0.3532224680608094 -0.09271286846049523 0.6529869388337736 0.24131039897223622 0.38748126472057676 0.09571051316822507 -0.04075369352651482 0.01006352151880675 -0.4775533509385482 0.1556634073228179 -0.8800942116908144 0.2841338947969454 -1.0 -0.3753479409035757 -0.08357718935122398 0.0 0.0 0.0 1.0 0.0
-0.07050983005664786 -0.04031989336887702 -0.3404198600466512 0.21959346884371878 -0.23045651449516835 0.5694768410529824 0.12942352549150274 0.6394535154948351 0.29936687770743076 0.29956681106297905 0.09943352215928015 -0.020326557814061962 -0.05051649450183281 -0.36021326224591804 -0.04051982672442528 -0.7400866377874042 0.1794068643785404 -1.0 -0.35041652782405874 0.22959013662112632 0.0 0.0 0.0 1.0 0.0
-0.08886124930901057 -0.12562189054726366 -0.33305693753454957 0.1658374792703151 -0.12037037037037043 0.48880597014925375 0.257739082365948 0.3785240464344942 0.14745715865118844 0.008291873963515767 -0.1046158098396905 -0.28316749585406303 -0.06522940851299067 -0.6927860696517413 0.26561636263128796 -0.9448590381426202 0.47830292979546707 -0.99212271973466 -0.33305693753454957 0.15008291873963517 0.0 0.0 0.0 1.0 0.0
0.014825763683597497 -0.04918032786885246 -0.3622234166442714 0.08196721311475409 -0.3622234166442714 0.48360655737704916 0.014825763683597497 0.6147540983606558 0.19515363253605653 0.2540983606557377 0.031219206306548317 -0.11475409836065574 -0.11632177730000906 -0.4918032786885246 0.19515363253605653 -0.7622950819672131 0.5558093702409745 -0.9344262295081968 0.6295798620442532 -1.0 0.0 0.0 0.0 1.0 0.0
0.0680641337575645 -0.2837357289912034 -0.35847526358475257 -0.08253790005614822 -0.4872418741031879 0.36814523675837546 -0.1089899557052841 0.6337263709526484 0.3255973547944352 0.504959760434213 0.2692619626926197 0.054276623619689324 0.02782456797055345 -0.3481190342504211 0.28535778900742415 -0.7746584315927382 0.6233701416183168 -1.0 -0.35847526358475257 -0.08253790005614822 0.0 0.0 0.0 1.0 0.0
0.094408306976189 -0.11869666408068265 -0.2869248672196695 0.02536253505997499 -0.38013964313421267 0.42364385033120494 -0.13439159754132607 0.7456585307632632 0.20457122396610367 0.48296234409500516 0.2299934355791609 0.07620695828608945 0.026615742674703055 -0.27122993375902604 0.026615742674703055 -0.703407531180999 0.28083785880527534 -1.0 -0.2869248672196695 0.02536253505997499 0.0 0.0 0.0 1.0 0.0
-0.01490930174770165 -0.20682514702228122 -0.29669510477925964 0.06452414478588571 -0.2549490598856955 0.45067506005135405 0.06858278803942665 0.7011513294127389 0.31905905740081153 0.4089290151577899 0.11032883293299078 0.05408763356249468 -0.035782324194483725 -0.32162677047958266 -0.035782324194483725 -0.707777685745051 0.21469394516690116 -1.0 -0.29669510477925964 0.06452414478588571 0.0 0.0 0.0 1.0 0.0
-0.11425744081601576 -0.04666209941386926 -0.29108624495699165 0.23011342011113645 -0.1911395295729618 0.5453299840146152 0.15482986983329533 0.4838243130090583 0.27015300296871436 0.16860774910557963 0.16251807870898993 -0.1619852325492883 -0.014310725431985924 -0.4310725431985994 -0.05275176981045894 -0.7539773159777727 0.20095912308746294 -0.9846235822486108 0.22402374971454675 -1.0 0.0 0.0 0.0 1.0 0.0
0.006328296525894401 -0.04752679839855351 -0.3441818416634379 0.11248869947048949 -0.24512462869688748 0.47823840888544494 0.0596667958155754 0.7068319772697921 0.333979077876792 0.44775926643419867 0.2501614361358647 0.05915020018080849 0.09776572387963327 -0.30659950923414697 -0.06986955960222131 -0.6494898618106677 0.18158336562056054 -0.9619010719359421 0.2577812217486763 -1.0 0.0 0.0 0.0 1.0 0.0
0.08645469420244992 -0.03922522442842606 -0.1835669747490382 0.11776411798522982 -0.152169106266307 0.4254632291159953 0.16180957856100472 0.3815062132401717 0.2811214787953832 0.09892539689559111 0.12413213638172733 -0.1899349931455357 -0.057975500818113486 -0.48507495688320873 -0.13960995887321453 -0.786494494317428 0.08017512050590368 -1.0 0.09273426789899615 -1.0 0.0 0.0 0.0 1.0 0.0
0.10436960757027554 -0.06718619537990528 -0.22137489563039245 0.058669635402170996 -0.3620372947397718 0.37701085443918747 -0.03629279153910383 0.5546896743668246 0.25243529084330646 0.35480100194823283 0.1487893125521848 -0.0005566379070413652 0.03033676593376008 -0.3337044252713609 -0.04369607570275537 -0.6816587809629836 0.20801558586139718 -0.9407737266907876 0.29685499582521574 -1.0 0.0 0.0 0.0 1.0 0.0
0.18295415959252964 -0.0969100169779287 -0.3056027164685909 -0.0006791171477079854 -0.3056027164685909 0.45086587436332765 0.07191850594227496 0.695144312393888 0.46424448217317477 0.48047538200339557 0.390220713073005 0.0067232597623089925 0.10152801358234287 -0.333786078098472 -0.06872665534804762 -0.7557215619694397 0.24957555178268243 -1.0 -0.3056027164685909 -0.0006791171477079854 0.0 0.0 0.0 1.0 0.0
-0.0021704080367110426 -0.11484559097110257 -0.4107032122038945 0.12346521145975443 -0.6490140146347515 0.5433461490760263 -0.27452561081483334 0.827049485303237 0.1340071933523501 0.58873868287238 0.14535532680143853 0.112117078010666 0.009177725412377387 -0.3418082599528711 0.19074786059779225 -0.7730373310182315 0.6106287982140641 -0.9773037331018232 0.6560213320104178 -1.0 0.0 0.0 0.0 1.0 0.0
0.48171415750504804 -0.918835539600628 -0.005609154139555898 -0.7462418667264974 -0.39140677585820066 -0.44166479694862 -0.005609154139555898 -0.08632488220776292 0.48171415750504804 0.005048238725600308 0.024848552838231848 0.17764191159973086 -0.350796499887817 0.5025241193628002 -0.05637199910253547 0.9086268790666368 0.4715615885124521 0.9898474310074041 0.5730872784384112 0.9898474310074041 0.0 0.0 0.0 0.0 1.0
0.5134747145187603 -1.0 0.11171288743882553 -0.8033931484502447 -0.0507014681892332 -0.40163132137030993 0.24848287112561182 -0.0938988580750408 -0.16182707993474707 0.11125611745513865 -0.5635889070146818 0.2651223491027732 -0.3669820554649265 0.6412398042414356 0.03477977161500823 0.7951060358890701 0.30831973898858084 0.786557911908646 0.11171288743882553 -0.8033931484502447 0.0 0.0 0.0 0.0 1.0
0.49857152348681155 -1.0 0.12696830775363765 -0.7232742010497641 -0.21300910238522355 -0.4386419507009501 0.12696830775363765 -0.1381967975549797 -0.22882200518237988 0.1543419041924125 -0.3790445817553651 0.5812902797156336 -0.07069297721081653 0.9212676898544948 0.285097335725201 0.8580160786658695 0.12696830775363765 -0.7232742010497641 -0.21300910238522355 -0.4386419507009501 0.0 0.0 0.0 0.0 1.0
0.5110314615690961 -0.9794504181600958 0.02978892871365997 -0.7615292712066908 -0.07009159697331734 -0.2712066905615294 0.3566706491437675 -0.016965352449223512 -0.15181202708084424 0.12831541218637985 -0.5240939864595778 0.49151732377538826 -0.34249303066507364 0.9818399044205496 0.17506969334926334 0.9545997610513739 0.3385105535643171 0.9182795698924731 0.02978892871365997 -0.7615292712066908 0.0 0.0 0.0 0.0 1.0
0.49555850877806523 -1.0 0.07463104147723285 -0.8430439952437574 -0.26781842344547824 -0.5719381688466112 -0.06805623557389678 -0.1795481569560047 -0.18220605721480046 0.2699167657550536 -0.3320276981184866 0.6694411414982165 0.08176540532978932 0.9048751486325803 0.402811778694831 0.8478002378121285 0.07463104147723285 -0.8430439952437574 -0.26781842344547824 -0.5719381688466112 0.0 0.0 0.0 0.0 1.0
0.343343005600918 -1.0 -0.03320062082461682 -0.824279641001417 -0.40137661110736195 -0.6318240097172548 -0.2172886159659894 -0.23854511100614073 0.18435791888791442 -0.09629529657871645 -0.10850934610972378 0.21330724070450105 -0.31770024967946536 0.5898508671300359 0.06721101288885913 0.8241446791281464 0.46048991159997327 0.7906741345569878 -0.08340643768135479 -0.7991767325730481 0.0 0.0 0.0 0.0 1.0
0.28771929824561426 -1.0 -0.03816859221223768 -0.7603765511339324 -0.25862216516901987 -0.4249037227214377 0.05768078733418937 -0.1852802738553701 -0.18194266153187824 0.18853230637569537 -0.2969619169875907 0.6006846384253317 0.1151904150620456 0.7540436456996149 0.46024818142918295 0.8594779632006847 -0.03816859221223768 -0.7603765511339324 -0.25862216516901987 -0.4249037227214377 0.0 0.0 0.0 0.0 1.0
0.43052043125249556 -1.0 -0.10801277785172378 -0.7544922134966059 -0.1555304139491549 -0.17636097431119394 0.4384400372687341 -0.20011979235990948 -0.1159323838679623 0.021629176094769074 -0.5752695328097964 0.401770264874218 -0.2743245041927327 0.964062292027153 0.32756555304139484 0.8848662318647678 0.46219885531744964 0.8690270198322907 -0.10801277785172378 -0.7544922134966059 0.0 0.0 0.0 0.0 1.0
0.63534728829686 -1.0 0.2024262607040913 -0.8051855375832541 -0.10061845861084684 -0.48771011734855696 0.15191880748493494 -0.10529654297494453 -0.2160640659689185 0.18331747542023466 -0.5768315889628924 0.5152235965746907 -0.41087852838566447 0.9409292737075801 0.00039644782746587844 0.8687757691087852 0.2024262607040913 -0.8051855375832541 -0.10061845861084684 -0.48771011734855696 0.0 0.0 0.0 0.0 1.0
0.4117938144329898 -1.0 -0.016577319587628772 -0.870680412371134 -0.3317938144329896 -0.5473814432989691 -0.15397938144329887 -0.12709278350515468 0.2501443298969073 0.0749690721649484 -0.14589690721649473 0.26086597938144324 -0.17822680412371122 0.70540206185567 0.2905567010309279 0.7538969072164947 0.557278350515464 0.7134845360824742 -0.016577319587628772 -0.870680412371134 0.0 0.0 0.0 0.0 1.0
0.4811097992916177 -1.0 -0.0023612750885476552 -0.8818181818181818 -0.3569067296340022 -0.5272727272727272 0.040613931523022596 -0.1834710743801652 -0.18500590318772123 0.2570247933884299 -0.4428571428571427 0.697520661157025 0.07284533648170029 0.8909090909090911 0.49185360094451025 0.8264462809917358 -0.03459268004722534 -0.8495867768595041 -0.313931523022432 -0.43057851239669415 0.0 0.0 0.0 0.0 1.0
0.5647668393782384 -1.0 0.11425309563537374 -0.8414859049793625 -0.28620356546939485 -0.591200491788882 -0.46974620180908044 -0.17405813647141477 -0.0025467638535170986 -0.023886888557126562 -0.25283217704399746 0.35988407833494335 0.10591024852902439 0.6685694212698691 0.33950996750680607 0.7269693510143146 0.11425309563537374 -0.8414859049793625 -0.28620356546939485 -0.591200491788882 0.0 0.0 0.0 0.0 1.0
0.5480383070744518 -1.0 0.08063021316033375 -0.8258675728555247 -0.22181031819586028 -0.46843785398002263 0.08979507774688508 -0.12017299969107192 -0.15765626609000094 0.2647513129440841 -0.515085984965503 0.6221810318195862 -0.10266707857069293 0.8513026464833695 0.27309236947791177 0.7413242714447534 0.08063021316033375 -0.8258675728555247 -0.22181031819586028 -0.46843785398002263 0.0 0.0 0.0 0.0 1.0
0.24915508824633853 -1.0 -0.20146451370634638 -0.8017273751408186 -0.36368757040931293 -0.3330829891100263 -0.003191888847165022 0.045437476530228976 0.564588809613218 0.01840030041306788 0.05088246338715716 0.17161096507698076 -0.21047690574540007 0.6042057829515582 0.18606834397296262 0.8926023282012766 -0.21948929778445378 -0.7837025910627112 -0.34566278633120556 -0.27900863687570415 0.0 0.0 0.0 0.0 1.0
0.44386103089174733 -1.0 0.09836352498468516 -0.744989936116216 -0.1895510632712 -0.489979872232432 -0.1730988010851494 -0.11157784195326867 0.19707709810098864 -0.05399492430209164 -0.13196814562002296 0.11875382865143945 0.007876082961406964 0.47247746565152693 0.35337358886846915 0.6205478253259822 0.3945042443335956 0.6205478253259822 0.09836352498468516 -0.744989936116216 0.0 0.0 0.0 0.0 1.0
0.5543622288862543 -1.0 0.1951321570541879 -0.781644466141293 -0.1570541878792105 -0.54920147848525 -0.1359230071832066 -0.14770904526117584 0.2444382453448637 -0.020921961085152423 -0.12183555338587067 0.1903898458748866 -0.2908849989539019 0.549619917706953 0.10356370737150432 0.6341446404909686 0.2937443336355395 0.6904944556803123 0.1951321570541879 -0.781644466141293 0.0 0.0 0.0 0.0 1.0
0.3750921692965639 -1.0 0.04269281816841172 -0.7422209113700045 -0.221869930688689 -0.46409084205869344 -0.06584574546527062 -0.11812417047633095 0.30725556702551243 -0.10455685002212066 -0.038711104556850034 0.065034655655508 -0.316841173868161 0.31603008405839844 -0.03192744432974489 0.5670255124612888 0.3411738681610382 0.5941601533697094 0.3615248488423536 0.5941601533697094 0.0 0.0 0.0 0.0 1.0
0.5259151030452168 -1.0 0.17540756690249149 -0.7817594586281145 -0.13541987080898188 -0.543678868040603 -0.15525992002460784 -0.16010458320516768 0.2217010150722854 -0.06751768686557988 -0.09573977237772996 0.1904029529375576 -0.28091356505690557 0.514457090126115 0.11588741925561362 0.6401107351584127 0.2150876653337434 0.6268840356813288 0.17540756690249149 -0.7817594586281145 0.0 0.0 0.0 0.0 1.0
0.12079419015257493 -0.9932707042441202 -0.2829635552002134 -0.6500766206942501 -0.5319474981677662 -0.2194016923179426 -0.06762609101205962 -0.010793523885668644 -0.296422146711973 0.4064228129788793 0.15444066893197395 0.6419481644346725 0.6456792591111997 0.6015723898993937 0.8946632020787525 0.5679259111199946 -0.22912918915317493 -0.690452395229529 -0.5050303151442469 -0.3136118329002599 0.0 0.0 0.0 0.0 1.0
0.5198304850522825 -0.8827214519323782 -0.10774333225851027 -0.7137592703487032 0.18794048551292092 -0.13446036206181763 -0.3973927864019531 0.11294854668570642 -0.40342715002994145 0.7767285457644295 0.22414666728085128 1.0 0.8155143028237136 0.8974158183241974 -0.10774333225851027 -0.7137592703487032 0.18794048551292092 -0.13446036206181763 -0.3973927864019531 0.11294854668570642 0.0 0.0 0.0 0.0 1.0
